8 3
none logistic
0.04281589736749553 -0.12174511948581372 0.06699656961888507
0.5361252008720292 -0.26652755129504446 -0.39222685953076775
0.3313511322278449 -0.19824602108699793 -0.3771438260763898
-0.07615319459440004 0.11780802565577382 -0.0559920153599392
-0.3631910076768728 0.23019424055215623 0.017369829577985392
-0.06765397326485623 0.12735152335561628 -0.024233414833087216
-0.04386415147912523 -0.040607356684092384 -0.08122376486986856
-0.3560412797910462 -0.017696413576269138 0.05409395859095485
0.02209600909809017 0.014623394464731699 0.12797327553474583
